10 2 10 1
10 2 11 1
10 2 12 1
10 2 13 1
10 2 14 1
10 2 15 1
10 2 16 1
10 2 17 1
10 2 18 1
10 2 19 1
10 3 19 6
10 2 20 1
10 2 21 1
10 2 22 1
10 2 23 1
10 2 24 1
10 2 25 1
11 2 10 1
11 3 10 6
11 2 11 1
11 2 12 1
11 2 13 1
11 2 14 1
11 2 15 1
11 2 16 1
11 2 17 1
11 2 18 1
11 2 19 1
11 2 20 1
11 2 21 1
11 2 22 1
11 2 23 1
11 2 24 1
11 2 25 1
12 2 10 1
12 2 11 1
12 2 12 1
12 2 13 1
12 2 14 1
12 2 15 1
12 2 16 1
12 2 17 1
12 2 18 1
12 2 19 1
12 2 20 1
12 2 21 1
12 2 22 1
12 2 23 1
12 2 24 1
12 2 25 1
13 2 10 1
13 2 11 1
13 2 12 1
13 2 13 1
13 2 14 1
13 2 15 1
13 2 16 1
13 2 17 1
13 2 18 1
13 2 19 1
13 2 20 1
13 2 21 1
13 2 22 1
13 2 23 1
13 2 24 1
13 2 25 1
14 2 10 1
14 2 11 1
14 2 12 1
14 2 13 1
14 2 14 1
14 2 15 1
14 2 16 1
14 2 17 1
14 2 18 1
14 2 19 1
14 2 20 1
14 2 21 1
14 2 22 1
14 2 23 1
14 2 24 1
14 2 25 1
14 3 25 6
15 2 10 1
15 2 11 1
15 2 12 1
15 2 13 1
15 2 14 1
15 2 15 1
15 2 16 1
15 2 17 1
15 2 18 1
15 2 19 1
15 2 20 1
15 2 21 1
15 2 22 1
15 2 23 1
15 2 24 1
15 2 25 1
16 2 10 1
16 2 11 1
16 2 12 1
16 2 13 1
16 2 14 1
16 2 15 1
16 2 16 1
16 2 17 1
16 2 18 1
16 2 19 1
16 2 20 1
16 2 21 1
16 2 22 1
16 2 23 1
16 2 24 1
16 2 25 1
17 2 10 1
17 2 11 1
17 2 12 1
17 2 13 1
17 2 14 1
17 2 15 1
17 2 16 1
17 2 17 1
17 2 18 1
17 2 19 1
17 2 20 1
17 2 21 1
17 2 22 1
17 2 23 1
17 2 24 1
17 2 25 1
17 3 25 6
18 2 10 1
18 2 11 1
18 2 12 1
18 2 13 1
18 2 14 1
18 2 15 1
18 2 16 1
18 2 17 1
18 2 18 1
18 2 19 1
18 2 20 1
18 2 21 1
18 2 22 1
18 2 23 1
18 2 24 1
18 2 25 1
19 2 10 1
19 2 11 1
19 2 12 1
19 2 13 1
19 2 14 1
19 2 15 1
19 2 16 1
19 2 17 1
19 2 18 1
19 2 19 1
19 2 20 1
19 2 21 1
19 2 22 1
19 2 23 1
19 2 24 1
19 2 25 1
20 2 10 1
20 2 11 1
20 2 12 1
20 2 13 1
20 2 14 1
20 2 15 1
20 2 16 1
20 2 17 1
20 2 18 1
20 2 19 1
20 2 20 1
20 2 21 1
20 2 22 1
20 2 23 1
20 2 24 1
20 2 25 1
21 2 10 1
21 2 11 1
21 2 12 1
21 2 13 1
21 2 14 1
21 2 15 1
21 2 16 1
21 2 17 1
21 2 18 1
21 2 19 1
21 2 20 1
21 2 21 1
21 2 22 1
21 2 23 1
21 2 24 1
21 2 25 1
21 3 25 6
22 2 10 1
22 2 11 1
22 2 12 1
22 2 13 1
22 2 14 1
22 2 15 1
22 2 16 1
22 2 17 1
22 2 18 1
22 2 19 1
22 2 20 1
22 2 21 1
22 2 22 1
22 2 23 1
22 2 24 1
22 2 25 1
23 2 10 1
23 2 11 1
23 2 12 1
23 2 13 1
23 2 14 1
23 2 15 1
23 2 16 1
23 2 17 1
23 2 18 1
23 2 19 1
23 2 20 1
23 2 21 1
23 2 22 1
23 2 23 1
23 2 24 1
23 2 25 1
24 2 10 1
24 2 11 1
24 2 12 1
24 2 13 1
24 2 14 1
24 2 15 1
24 2 16 1
24 2 17 1
24 2 18 1
24 2 19 1
24 2 20 1
24 2 21 1
24 2 22 1
24 2 23 1
24 2 24 1
24 2 25 1
25 2 10 1
25 2 11 1
25 2 12 1
25 2 13 1
25 2 14 1
25 2 15 1
25 2 16 1
25 2 17 1
25 2 18 1
25 2 19 1
25 2 20 1
25 2 21 1
25 2 22 1
25 2 23 1
25 2 24 1
25 2 25 1
26 2 10 1
26 2 11 1
26 2 12 1
26 2 13 1
26 2 14 1
26 2 15 1
26 2 16 1
26 2 17 1
26 2 18 1
26 2 19 1
26 2 20 1
26 2 21 1
26 2 22 1
26 2 23 1
26 2 24 1
26 2 25 1
27 2 10 1
27 2 11 1
27 2 12 1
27 2 13 1
27 2 14 1
27 2 15 1
27 2 16 1
27 2 17 1
27 2 18 1
27 2 19 1
27 2 20 1
27 2 21 1
27 2 22 1
27 2 23 1
27 2 24 1
27 2 25 1
28 2 10 1
28 2 11 1
28 2 12 1
28 2 13 1
28 2 14 1
28 2 15 1
28 2 16 1
28 2 17 1
28 2 18 1
28 2 19 1
28 2 20 1
28 2 21 1
28 2 22 1
28 2 23 1
28 2 24 1
28 2 25 1
29 2 10 1
29 2 11 1
29 2 12 1
29 2 13 1
29 2 14 1
29 2 15 1
29 2 16 1
29 2 17 1
29 2 18 1
29 2 19 1
29 3 19 6
29 2 20 1
29 2 21 1
29 2 22 1
29 2 23 1
29 3 23 6
29 2 24 1
29 3 24 6
29 2 25 1
29 3 25 6
11 3 11 1
11 3 12 1
11 3 13 1
11 3 14 1
11 4 14 6
11 3 15 1
11 3 16 1
11 4 16 6
11 3 17 1
11 3 18 1
11 3 19 1
11 3 20 1
11 3 21 1
11 3 22 1
11 3 23 1
11 3 24 1
12 3 11 1
12 3 12 1
12 3 13 1
12 3 14 1
12 3 15 1
12 3 16 1
12 3 17 1
12 3 18 1
12 3 19 1
12 3 20 1
12 3 21 1
12 3 22 1
12 3 23 1
12 3 24 1
12 4 24 6
13 3 11 1
13 4 11 6
13 3 12 1
13 3 13 1
13 3 14 1
13 3 15 1
13 3 16 1
13 3 17 1
13 3 18 1
13 3 19 1
13 3 20 1
13 3 21 1
13 3 22 1
13 3 23 1
13 3 24 1
14 3 11 1
14 4 11 6
14 3 12 1
14 3 13 1
14 3 14 1
14 3 15 1
14 3 16 1
14 3 17 1
14 3 18 1
14 3 19 1
14 3 20 1
14 3 21 1
14 3 22 1
14 3 23 1
14 3 24 1
15 3 11 1
15 3 12 1
15 3 13 1
15 3 14 1
15 3 15 1
15 3 16 1
15 3 17 1
15 3 18 1
15 3 19 1
15 3 20 1
15 3 21 1
15 3 22 1
15 3 23 1
15 3 24 1
16 3 11 1
16 3 12 1
16 3 13 1
16 3 14 1
16 3 15 1
16 3 16 1
16 3 17 1
16 3 18 1
16 3 19 1
16 3 20 1
16 3 21 1
16 3 22 1
16 3 23 1
16 3 24 1
17 3 11 1
17 3 12 1
17 3 13 1
17 3 14 1
17 3 15 1
17 3 16 1
17 3 17 1
17 3 18 1
17 3 19 1
17 3 20 1
17 3 21 1
17 3 22 1
17 3 23 1
17 3 24 1
17 4 24 6
18 3 11 1
18 4 11 6
18 3 12 1
18 3 13 1
18 3 14 1
18 3 15 1
18 3 16 1
18 3 17 1
18 3 18 1
18 3 19 1
18 3 20 1
18 3 21 1
18 3 22 1
18 3 23 1
18 3 24 1
19 3 11 1
19 3 12 1
19 3 13 1
19 3 14 1
19 3 15 1
19 3 16 1
19 3 17 1
19 3 18 1
19 3 19 1
19 3 20 1
19 3 21 1
19 3 22 1
19 3 23 1
19 3 24 1
19 4 24 6
20 3 11 1
20 4 11 6
20 3 12 1
20 3 13 1
20 3 14 1
20 3 15 1
20 3 16 1
20 3 17 1
20 3 18 1
20 3 19 1
20 3 20 1
20 3 21 1
20 3 22 1
20 3 23 1
20 3 24 1
20 4 24 6
21 3 11 1
21 4 11 6
21 3 12 1
21 3 13 1
21 3 14 1
21 3 15 1
21 3 16 1
21 3 17 1
21 3 18 1
21 3 19 1
21 3 20 1
21 3 21 1
21 3 22 1
21 3 23 1
21 3 24 1
22 3 11 1
22 3 12 1
22 3 13 1
22 3 14 1
22 3 15 1
22 3 16 1
22 3 17 1
22 3 18 1
22 3 19 1
22 3 20 1
22 3 21 1
22 3 22 1
22 3 23 1
22 3 24 1
23 3 11 1
23 3 12 1
23 3 13 1
23 3 14 1
23 3 15 1
23 3 16 1
23 3 17 1
23 3 18 1
23 3 19 1
23 3 20 1
23 3 21 1
23 3 22 1
23 3 23 1
23 3 24 1
24 3 11 1
24 4 11 6
24 3 12 1
24 3 13 1
24 3 14 1
24 3 15 1
24 3 16 1
24 3 17 1
24 3 18 1
24 3 19 1
24 3 20 1
24 3 21 1
24 3 22 1
24 3 23 1
24 3 24 1
25 3 11 1
25 3 12 1
25 3 13 1
25 3 14 1
25 3 15 1
25 3 16 1
25 3 17 1
25 3 18 1
25 3 19 1
25 3 20 1
25 3 21 1
25 3 22 1
25 3 23 1
25 3 24 1
26 3 11 1
26 4 11 6
26 3 12 1
26 3 13 1
26 3 14 1
26 3 15 1
26 3 16 1
26 3 17 1
26 3 18 1
26 3 19 1
26 3 20 1
26 3 21 1
26 3 22 1
26 3 23 1
26 3 24 1
27 3 11 1
27 3 12 1
27 3 13 1
27 3 14 1
27 3 15 1
27 3 16 1
27 3 17 1
27 3 18 1
27 3 19 1
27 3 20 1
27 3 21 1
27 3 22 1
27 3 23 1
27 3 24 1
27 4 24 6
28 3 11 1
28 3 12 1
28 3 13 1
28 3 14 1
28 3 15 1
28 3 16 1
28 3 17 1
28 3 18 1
28 3 19 1
28 3 20 1
28 4 20 6
28 3 21 1
28 3 22 1
28 3 23 1
28 3 24 1
28 4 24 6
12 4 12 1
12 4 13 1
12 4 14 1
12 4 15 1
12 4 16 1
12 4 17 1
12 4 18 1
12 5 18 6
12 4 19 1
12 5 19 6
12 4 20 1
12 5 20 6
12 4 21 1
12 4 22 1
12 5 22 6
12 4 23 1
13 4 12 1
13 4 13 1
13 4 14 1
13 4 15 1
13 4 16 1
13 4 17 1
13 4 18 1
13 4 19 1
13 4 20 1
13 4 21 1
13 4 22 1
13 4 23 1
13 5 23 6
14 4 12 1
14 4 13 1
14 4 14 1
14 4 15 1
14 4 16 1
14 4 17 1
14 4 18 1
14 4 19 1
14 4 20 1
14 4 21 1
14 4 22 1
14 4 23 1
15 4 12 1
15 4 13 1
15 4 14 1
15 4 15 1
15 4 16 1
15 4 17 1
15 4 18 1
15 4 19 1
15 4 20 1
15 4 21 1
15 4 22 1
15 4 23 1
16 4 12 1
16 4 13 1
16 4 14 1
16 4 15 1
16 4 16 1
16 4 17 1
16 4 18 1
16 4 19 1
16 4 20 1
16 4 21 1
16 4 22 1
16 4 23 1
17 4 12 1
17 4 13 1
17 4 14 1
17 4 15 1
17 4 16 1
17 4 17 1
17 4 18 1
17 4 19 1
17 4 20 1
17 4 21 1
17 4 22 1
17 4 23 1
17 5 23 6
18 4 12 1
18 4 13 1
18 4 14 1
18 4 15 1
18 4 16 1
18 4 17 1
18 4 18 1
18 4 19 1
18 4 20 1
18 4 21 1
18 4 22 1
18 4 23 1
19 4 12 1
19 5 12 6
19 4 13 1
19 4 14 1
19 4 15 1
19 4 16 1
19 4 17 1
19 4 18 1
19 4 19 1
19 4 20 1
19 4 21 1
19 4 22 1
19 4 23 1
20 4 12 1
20 4 13 1
20 4 14 1
20 4 15 1
20 4 16 1
20 4 17 1
20 4 18 1
20 4 19 1
20 4 20 1
20 4 21 1
20 4 22 1
20 4 23 1
20 5 23 6
21 4 12 1
21 4 13 1
21 4 14 1
21 4 15 1
21 4 16 1
21 4 17 1
21 4 18 1
21 4 19 1
21 4 20 1
21 4 21 1
21 4 22 1
21 4 23 1
22 4 12 1
22 5 12 6
22 4 13 1
22 4 14 1
22 4 15 1
22 4 16 1
22 4 17 1
22 4 18 1
22 4 19 1
22 4 20 1
22 4 21 1
22 4 22 1
22 4 23 1
23 4 12 1
23 5 12 6
23 4 13 1
23 4 14 1
23 4 15 1
23 4 16 1
23 4 17 1
23 4 18 1
23 4 19 1
23 4 20 1
23 4 21 1
23 4 22 1
23 4 23 1
24 4 12 1
24 5 12 6
24 4 13 1
24 4 14 1
24 4 15 1
24 4 16 1
24 4 17 1
24 4 18 1
24 4 19 1
24 4 20 1
24 4 21 1
24 4 22 1
24 4 23 1
25 4 12 1
25 4 13 1
25 4 14 1
25 4 15 1
25 4 16 1
25 4 17 1
25 4 18 1
25 4 19 1
25 4 20 1
25 4 21 1
25 4 22 1
25 4 23 1
26 4 12 1
26 4 13 1
26 4 14 1
26 4 15 1
26 4 16 1
26 4 17 1
26 4 18 1
26 4 19 1
26 4 20 1
26 4 21 1
26 4 22 1
26 4 23 1
27 4 12 1
27 4 13 1
27 4 14 1
27 5 14 6
27 4 15 1
27 4 16 1
27 4 17 1
27 4 18 1
27 4 19 1
27 4 20 1
27 4 21 1
27 4 22 1
27 4 23 1
13 5 13 1
13 5 14 1
13 5 15 1
13 5 16 1
13 5 17 1
13 5 18 1
13 5 19 1
13 6 19 6
13 5 20 1
13 5 21 1
13 6 21 6
13 5 22 1
14 5 13 1
14 5 14 1
14 5 15 1
14 5 16 1
14 5 17 1
14 5 18 1
14 5 19 1
14 5 20 1
14 5 21 1
14 5 22 1
15 5 13 1
15 5 14 1
15 5 15 1
15 5 16 1
15 5 17 1
15 5 18 1
15 5 19 1
15 5 20 1
15 5 21 1
15 5 22 1
16 5 13 1
16 5 14 1
16 5 15 1
16 5 16 1
16 5 17 1
16 5 18 1
16 5 19 1
16 5 20 1
16 5 21 1
16 5 22 1
17 5 13 1
17 5 14 1
17 5 15 1
17 5 16 1
17 5 17 1
17 5 18 1
17 5 19 1
17 5 20 1
17 5 21 1
17 5 22 1
18 5 13 1
18 5 14 1
18 5 15 1
18 5 16 1
18 5 17 1
18 5 18 1
18 5 19 1
18 5 20 1
18 5 21 1
18 5 22 1
19 5 13 1
19 5 14 1
19 5 15 1
19 5 16 1
19 5 17 1
19 5 18 1
19 5 19 1
19 5 20 1
19 5 21 1
19 5 22 1
20 5 13 1
20 5 14 1
20 5 15 1
20 5 16 1
20 5 17 1
20 5 18 1
20 5 19 1
20 5 20 1
20 5 21 1
20 5 22 1
21 5 13 1
21 6 13 6
21 5 14 1
21 5 15 1
21 5 16 1
21 5 17 1
21 5 18 1
21 5 19 1
21 5 20 1
21 5 21 1
21 5 22 1
21 6 22 6
22 5 13 1
22 5 14 1
22 5 15 1
22 5 16 1
22 5 17 1
22 5 18 1
22 5 19 1
22 5 20 1
22 5 21 1
22 5 22 1
23 5 13 1
23 5 14 1
23 5 15 1
23 5 16 1
23 5 17 1
23 5 18 1
23 5 19 1
23 5 20 1
23 5 21 1
23 5 22 1
24 5 13 1
24 5 14 1
24 5 15 1
24 5 16 1
24 5 17 1
24 5 18 1
24 5 19 1
24 5 20 1
24 5 21 1
24 5 22 1
25 5 13 1
25 5 14 1
25 5 15 1
25 5 16 1
25 5 17 1
25 5 18 1
25 5 19 1
25 5 20 1
25 5 21 1
25 5 22 1
25 6 22 6
26 5 13 1
26 5 14 1
26 5 15 1
26 5 16 1
26 5 17 1
26 5 18 1
26 5 19 1
26 5 20 1
26 5 21 1
26 6 21 6
26 5 22 1
14 6 14 1
14 6 15 1
14 7 15 6
14 6 16 1
14 6 17 1
14 7 17 6
14 6 18 1
14 6 19 1
14 6 20 1
14 6 21 1
15 6 14 1
15 6 15 1
15 6 16 1
15 6 17 1
15 6 18 1
15 6 19 1
15 6 20 1
15 6 21 1
15 7 21 6
16 6 14 1
16 7 14 6
16 6 15 1
16 6 16 1
16 6 17 1
16 6 18 1
16 6 19 1
16 6 20 1
16 6 21 1
17 6 14 1
17 6 15 1
17 6 16 1
17 6 17 1
17 6 18 1
17 6 19 1
17 6 20 1
17 6 21 1
18 6 14 1
18 6 15 1
18 6 16 1
18 6 17 1
18 6 18 1
18 6 19 1
18 6 20 1
18 6 21 1
18 7 21 6
19 6 14 1
19 6 15 1
19 6 16 1
19 6 17 1
19 6 18 1
19 6 19 1
19 6 20 1
19 6 21 1
20 6 14 1
20 6 15 1
20 6 16 1
20 6 17 1
20 6 18 1
20 6 19 1
20 6 20 1
20 6 21 1
20 7 21 6
21 6 14 1
21 6 15 1
21 6 16 1
21 6 17 1
21 6 18 1
21 6 19 1
21 6 20 1
21 6 21 1
22 6 14 1
22 6 15 1
22 6 16 1
22 6 17 1
22 6 18 1
22 6 19 1
22 6 20 1
22 6 21 1
23 6 14 1
23 6 15 1
23 6 16 1
23 6 17 1
23 6 18 1
23 6 19 1
23 6 20 1
23 6 21 1
24 6 14 1
24 6 15 1
24 6 16 1
24 6 17 1
24 6 18 1
24 6 19 1
24 6 20 1
24 6 21 1
24 7 21 6
25 6 14 1
25 6 15 1
25 6 16 1
25 7 16 6
25 6 17 1
25 7 17 6
25 6 18 1
25 6 19 1
25 6 20 1
25 6 21 1
33 2 33 2
33 2 34 2
34 2 33 2
34 2 34 2
33 3 33 2
33 3 34 2
34 3 33 2
34 3 34 2
33 4 33 2
33 4 34 2
34 4 33 2
34 4 34 2
33 5 33 2
33 5 34 2
34 5 33 2
34 5 34 2
33 6 33 2
33 6 34 2
34 6 33 2
34 6 34 2
33 7 33 2
33 7 34 2
34 7 33 2
34 7 34 2
33 8 33 2
33 8 34 2
34 8 33 2
34 8 34 2
33 9 33 2
33 9 34 2
34 9 33 2
34 9 34 2
33 10 33 2
33 10 34 2
34 10 33 2
34 10 34 2
33 11 33 2
33 11 34 2
34 11 33 2
34 11 34 2
33 12 33 2
33 12 34 2
34 12 33 2
34 12 34 2
30 13 30 6
30 13 31 6
30 13 32 6
30 13 33 6
30 13 34 6
30 13 35 6
30 13 36 6
30 13 37 6
31 13 30 6
31 13 31 6
31 13 32 6
31 13 33 6
31 13 34 6
31 13 35 6
31 13 36 6
31 13 37 6
32 13 30 6
32 13 31 6
32 13 32 6
32 13 33 6
32 13 34 6
32 13 35 6
32 13 36 6
32 13 37 6
33 13 30 6
33 13 31 6
33 13 32 6
33 13 33 2
33 13 34 2
33 13 35 6
33 13 36 6
33 13 37 6
34 13 30 6
34 13 31 6
34 13 32 6
34 13 33 2
34 13 34 2
34 13 35 6
34 13 36 6
34 13 37 6
35 13 30 6
35 13 31 6
35 13 32 6
35 13 33 6
35 13 34 6
35 13 35 6
35 13 36 6
35 13 37 6
36 13 30 6
36 13 31 6
36 13 32 6
36 13 33 6
36 13 34 6
36 13 35 6
36 13 36 6
36 13 37 6
37 13 30 6
37 13 31 6
37 13 32 6
37 13 33 6
37 13 34 6
37 13 35 6
37 13 36 6
37 13 37 6
30 14 30 6
30 14 31 6
30 14 32 6
30 14 33 6
30 14 34 6
30 14 35 6
30 14 36 6
30 14 37 6
31 14 30 6
31 14 31 6
31 14 32 6
31 14 33 6
31 14 34 6
31 14 35 6
31 14 36 6
31 14 37 6
32 14 30 6
32 14 31 6
32 14 32 6
32 14 33 6
32 14 34 6
32 14 35 6
32 14 36 6
32 14 37 6
33 14 30 6
33 14 31 6
33 14 32 6
33 14 33 2
33 14 34 2
33 14 35 6
33 14 36 6
33 14 37 6
34 14 30 6
34 14 31 6
34 14 32 6
34 14 33 2
34 14 34 2
34 14 35 6
34 14 36 6
34 14 37 6
35 14 30 6
35 14 31 6
35 14 32 6
35 14 33 6
35 14 34 6
35 14 35 6
35 14 36 6
35 14 37 6
36 14 30 6
36 14 31 6
36 14 32 6
36 14 33 6
36 14 34 6
36 14 35 6
36 14 36 6
36 14 37 6
37 14 30 6
37 14 31 6
37 14 32 6
37 14 33 6
37 14 34 6
37 14 35 6
37 14 36 6
37 14 37 6
30 15 30 6
30 15 31 6
30 15 32 6
30 15 33 6
30 15 34 6
30 15 35 6
30 15 36 6
30 15 37 6
31 15 30 6
31 15 31 6
31 15 32 6
31 15 33 6
31 15 34 6
31 15 35 6
31 15 36 6
31 15 37 6
32 15 30 6
32 15 31 6
32 15 32 6
32 15 33 6
32 15 34 6
32 15 35 6
32 15 36 6
32 15 37 6
33 15 30 6
33 15 31 6
33 15 32 6
33 15 33 2
33 15 34 2
33 15 35 6
33 15 36 6
33 15 37 6
34 15 30 6
34 15 31 6
34 15 32 6
34 15 33 2
34 15 34 2
34 15 35 6
34 15 36 6
34 15 37 6
35 15 30 6
35 15 31 6
35 15 32 6
35 15 33 6
35 15 34 6
35 15 35 6
35 15 36 6
35 15 37 6
36 15 30 6
36 15 31 6
36 15 32 6
36 15 33 6
36 15 34 6
36 15 35 6
36 15 36 6
36 15 37 6
37 15 30 6
37 15 31 6
37 15 32 6
37 15 33 6
37 15 34 6
37 15 35 6
37 15 36 6
37 15 37 6
30 16 30 6
30 16 31 6
30 16 32 6
30 16 33 6
30 16 34 6
30 16 35 6
30 16 36 6
30 16 37 6
31 16 30 6
31 16 31 6
31 16 32 6
31 16 33 6
31 16 34 6
31 16 35 6
31 16 36 6
31 16 37 6
32 16 30 6
32 16 31 6
32 16 32 6
32 16 33 6
32 16 34 6
32 16 35 6
32 16 36 6
32 16 37 6
33 16 30 6
33 16 31 6
33 16 32 6
33 16 33 2
33 16 34 2
33 16 35 6
33 16 36 6
33 16 37 6
34 16 30 6
34 16 31 6
34 16 32 6
34 16 33 2
34 16 34 2
34 16 35 6
34 16 36 6
34 16 37 6
35 16 30 6
35 16 31 6
35 16 32 6
35 16 33 6
35 16 34 6
35 16 35 6
35 16 36 6
35 16 37 6
36 16 30 6
36 16 31 6
36 16 32 6
36 16 33 6
36 16 34 6
36 16 35 6
36 16 36 6
36 16 37 6
37 16 30 6
37 16 31 6
37 16 32 6
37 16 33 6
37 16 34 6
37 16 35 6
37 16 36 6
37 16 37 6
30 17 30 6
30 17 31 6
30 17 32 6
30 17 33 6
30 17 34 6
30 17 35 6
30 17 36 6
30 17 37 6
31 17 30 6
31 17 31 6
31 17 32 6
31 17 33 6
31 17 34 6
31 17 35 6
31 17 36 6
31 17 37 6
32 17 30 6
32 17 31 6
32 17 32 6
32 17 33 6
32 17 34 6
32 17 35 6
32 17 36 6
32 17 37 6
33 17 30 6
33 17 31 6
33 17 32 6
33 17 33 2
33 17 34 2
33 17 35 6
33 17 36 6
33 17 37 6
34 17 30 6
34 17 31 6
34 17 32 6
34 17 33 2
34 17 34 2
34 17 35 6
34 17 36 6
34 17 37 6
35 17 30 6
35 17 31 6
35 17 32 6
35 17 33 6
35 17 34 6
35 17 35 6
35 17 36 6
35 17 37 6
36 17 30 6
36 17 31 6
36 17 32 6
36 17 33 6
36 17 34 6
36 17 35 6
36 17 36 6
36 17 37 6
37 17 30 6
37 17 31 6
37 17 32 6
37 17 33 6
37 17 34 6
37 17 35 6
37 17 36 6
37 17 37 6
30 18 30 6
30 18 31 6
30 18 32 6
30 18 33 6
30 18 34 6
30 18 35 6
30 18 36 6
30 18 37 6
31 18 30 6
31 18 31 6
31 18 32 6
31 18 33 6
31 18 34 6
31 18 35 6
31 18 36 6
31 18 37 6
32 18 30 6
32 18 31 6
32 18 32 6
32 18 33 6
32 18 34 6
32 18 35 6
32 18 36 6
32 18 37 6
33 18 30 6
33 18 31 6
33 18 32 6
33 18 33 2
33 18 34 2
33 18 35 6
33 18 36 6
33 18 37 6
34 18 30 6
34 18 31 6
34 18 32 6
34 18 33 2
34 18 34 2
34 18 35 6
34 18 36 6
34 18 37 6
35 18 30 6
35 18 31 6
35 18 32 6
35 18 33 6
35 18 34 6
35 18 35 6
35 18 36 6
35 18 37 6
36 18 30 6
36 18 31 6
36 18 32 6
36 18 33 6
36 18 34 6
36 18 35 6
36 18 36 6
36 18 37 6
37 18 30 6
37 18 31 6
37 18 32 6
37 18 33 6
37 18 34 6
37 18 35 6
37 18 36 6
37 18 37 6
30 19 30 6
30 19 31 6
30 19 32 6
30 19 33 6
30 19 34 6
30 19 35 6
30 19 36 6
30 19 37 6
31 19 30 6
31 19 31 6
31 19 32 6
31 19 33 6
31 19 34 6
31 19 35 6
31 19 36 6
31 19 37 6
32 19 30 6
32 19 31 6
32 19 32 6
32 19 33 6
32 19 34 6
32 19 35 6
32 19 36 6
32 19 37 6
33 19 30 6
33 19 31 6
33 19 32 6
33 19 33 2
33 19 34 2
33 19 35 6
33 19 36 6
33 19 37 6
34 19 30 6
34 19 31 6
34 19 32 6
34 19 33 2
34 19 34 2
34 19 35 6
34 19 36 6
34 19 37 6
35 19 30 6
35 19 31 6
35 19 32 6
35 19 33 6
35 19 34 6
35 19 35 6
35 19 36 6
35 19 37 6
36 19 30 6
36 19 31 6
36 19 32 6
36 19 33 6
36 19 34 6
36 19 35 6
36 19 36 6
36 19 37 6
37 19 30 6
37 19 31 6
37 19 32 6
37 19 33 6
37 19 34 6
37 19 35 6
37 19 36 6
37 19 37 6
30 20 30 6
30 20 31 6
30 20 32 6
30 20 33 6
30 20 34 6
30 20 35 6
30 20 36 6
30 20 37 6
31 20 30 6
31 20 31 6
31 20 32 6
31 20 33 6
31 20 34 6
31 20 35 6
31 20 36 6
31 20 37 6
32 20 30 6
32 20 31 6
32 20 32 6
32 20 33 6
32 20 34 6
32 20 35 6
32 20 36 6
32 20 37 6
33 20 30 6
33 20 31 6
33 20 32 6
33 20 33 2
33 20 34 2
33 20 35 6
33 20 36 6
33 20 37 6
34 20 30 6
34 20 31 6
34 20 32 6
34 20 33 2
34 20 34 2
34 20 35 6
34 20 36 6
34 20 37 6
35 20 30 6
35 20 31 6
35 20 32 6
35 20 33 6
35 20 34 6
35 20 35 6
35 20 36 6
35 20 37 6
36 20 30 6
36 20 31 6
36 20 32 6
36 20 33 6
36 20 34 6
36 20 35 6
36 20 36 6
36 20 37 6
37 20 30 6
37 20 31 6
37 20 32 6
37 20 33 6
37 20 34 6
37 20 35 6
37 20 36 6
37 20 37 6
30 21 30 6
30 21 31 6
30 21 32 6
30 21 33 6
30 21 34 6
30 21 35 6
30 21 36 6
30 21 37 6
31 21 30 6
31 21 31 6
31 21 32 6
31 21 33 6
31 21 34 6
31 21 35 6
31 21 36 6
31 21 37 6
32 21 30 6
32 21 31 6
32 21 32 6
32 21 33 6
32 21 34 6
32 21 35 6
32 21 36 6
32 21 37 6
33 21 30 6
33 21 31 6
33 21 32 6
33 21 33 2
33 21 34 2
33 21 35 6
33 21 36 6
33 21 37 6
34 21 30 6
34 21 31 6
34 21 32 6
34 21 33 2
34 21 34 2
34 21 35 6
34 21 36 6
34 21 37 6
35 21 30 6
35 21 31 6
35 21 32 6
35 21 33 6
35 21 34 6
35 21 35 6
35 21 36 6
35 21 37 6
36 21 30 6
36 21 31 6
36 21 32 6
36 21 33 6
36 21 34 6
36 21 35 6
36 21 36 6
36 21 37 6
37 21 30 6
37 21 31 6
37 21 32 6
37 21 33 6
37 21 34 6
37 21 35 6
37 21 36 6
37 21 37 6
